15

2
00.6974802618234704
10.02970124798186946
2 1 
1 2 
1 2 
1 2 
2 1 
2 1 
1 2 
2 1 
1 2 
1 2 
2 1 
2 1 
2 1 
2 1 
1 2 
1 2 
2 1 
1 2 
1 2 
2 1 
1 2 
2 1 
2 1 
2 1 
2 1 
1 2 
2 1 
2 1 
2 1 
2 1 
1 2 
1 2 
1 2 
2 1 
2 1 
2 1 
2 1 
1 2 
1 2 
1 2 
1 2 
1 2 
1 2 
2 1 
1 2 
2 1 
1 2 
2 1 
2 1 
1 2 
2 1 
2 1 
1 2 
2 1 
2 1 
2 1 
1 2 
1 2 
2 1 
2 1 
2 1 
1 2 
2 1 
1 2 
1 2 
1 2 
1 2 
2 1 
1 2 
2 1 
1 2 
1 2 
1 2 
1 2 
2 1 
2 1 
2 1 
2 1 
1 2 
1 2 
2 1 
1 2 
1 2 
2 1 

1
00.7677628030901411
1 
1 
1 
1 
1 
1 
1 
1 
1 
1 
1 
1 
1 
1 
1 
1 
1 
1 
1 
1 
1 
1 
1 
1 
1 
1 
1 
1 
1 
1 
1 
1 
1 
1 
1 
1 
1 
1 
1 
1 
1 
1 
1 
1 
1 
1 
1 
1 
1 
1 
1 
1 
1 
1 
1 
1 
1 
1 
1 
1 
1 
1 
1 
1 
1 
1 
1 
1 
1 
1 
1 
1 
1 
1 
1 
1 
1 
1 
1 
1 
1 
1 
1 
1 
1 
1 
1 
1 
1 
1 
1 
1 
1 
1 
1 
1 
1 
1 
1 
1 

11
00.6434117548571185
10.20554372693215017
20.9690014114115868
30.8064509764729667
40.4341445371068443
50.8358135960225457
60.9581014214806586
70.9265846768509346
80.2809100323261937
90.6600659543755013
100.6318662166980237
6 2 11 8 10 7 9 1 4 3 5 
1 9 8 5 11 6 3 10 4 7 2 
7 8 5 4 2 1 10 11 9 6 3 
6 11 4 2 1 3 9 10 8 5 7 
3 4 8 7 1 6 2 9 10 5 11 
8 11 6 4 10 9 3 7 5 2 1 
3 6 1 9 2 8 7 5 4 10 11 
4 3 1 7 6 5 10 9 11 2 8 
8 10 7 5 1 4 6 2 11 3 9 
4 5 10 11 6 1 7 8 9 3 2 
4 11 3 2 6 8 5 1 7 10 9 
10 11 4 7 5 2 6 9 1 8 3 
4 11 2 6 7 9 3 5 8 10 1 
1 7 2 11 8 6 5 9 10 3 4 
10 2 11 3 5 8 1 7 4 9 6 
8 4 7 2 1 5 9 10 6 3 11 
7 5 11 9 3 1 8 2 4 6 10 
2 5 6 8 7 3 9 11 10 4 1 
9 8 10 11 6 2 4 7 5 1 3 
4 5 8 1 11 10 2 6 9 7 3 
2 5 4 9 7 1 11 3 6 10 8 
3 6 2 9 5 8 1 11 4 10 7 
11 9 10 2 4 6 5 3 7 1 8 
1 7 11 9 10 8 5 6 3 2 4 
4 11 8 5 1 10 6 2 7 9 3 
4 6 10 2 7 5 11 8 9 3 1 
1 10 7 8 4 3 6 5 9 11 2 
7 4 6 11 8 5 1 10 2 3 9 
2 6 3 4 5 10 9 8 1 11 7 
5 8 3 9 2 6 4 11 1 7 10 
4 5 8 10 6 1 7 2 11 9 3 
8 6 7 2 3 5 10 4 9 1 11 
8 10 1 4 2 11 9 3 7 5 6 
8 7 5 6 10 1 9 4 3 2 11 
7 4 8 5 2 3 6 11 1 9 10 
3 4 1 6 8 11 7 2 5 10 9 
5 6 8 1 9 3 7 10 2 4 11 
2 3 7 9 8 6 4 11 5 1 10 
1 5 4 6 3 2 8 11 9 10 7 
6 10 5 7 1 4 2 8 11 9 3 
2 9 7 6 1 8 10 3 4 11 5 
4 11 1 5 10 7 2 6 8 3 9 
6 4 9 8 11 3 2 5 10 1 7 
6 2 9 5 4 8 11 10 7 3 1 
3 5 10 11 7 6 1 9 4 8 2 
8 9 1 3 5 10 4 2 6 7 11 
11 8 5 10 4 2 1 3 7 6 9 
9 11 5 6 2 3 7 10 4 8 1 
8 11 1 3 10 6 7 4 9 5 2 
11 10 4 7 5 3 8 9 2 1 6 
8 9 10 6 5 1 11 3 2 7 4 
6 9 11 5 10 8 7 2 1 3 4 
5 2 10 8 11 7 4 1 6 3 9 
9 1 6 2 8 4 7 5 11 3 10 
1 10 5 7 6 11 4 8 3 2 9 
10 3 6 11 2 7 9 4 5 8 1 
9 3 5 11 10 6 7 8 1 4 2 
10 3 2 4 1 11 8 6 7 5 9 
2 6 1 5 3 10 9 8 4 11 7 
11 8 3 2 1 9 6 7 4 10 5 
7 8 6 5 4 9 11 2 3 1 10 
9 11 1 7 8 6 10 3 2 5 4 
5 10 8 6 1 11 2 3 9 4 7 
3 7 5 9 2 6 1 10 11 4 8 
3 8 7 4 2 10 11 1 9 6 5 
10 2 11 8 5 1 3 7 4 9 6 
5 9 8 10 3 7 11 2 6 1 4 
6 1 2 9 11 8 4 10 7 3 5 
4 5 8 3 2 9 6 1 10 7 11 

1
00.5783643024855074
1 
1 
1 
1 
1 
1 
1 
1 
1 
1 
1 
1 
1 
1 
1 
1 
1 
1 
1 
1 
1 
1 
1 
1 
1 
1 
1 
1 
1 
1 
1 
1 
1 
1 
1 
1 
1 
1 
1 
1 
1 
1 

10
00.5910872264032075
10.24290530772004693
20.28180792209806904
30.3857776948813705
40.6708538528166342
50.01086445982016293
60.7839554301055807
70.7073117997470909
80.6987604141932892
90.6491568465914592
2 6 1 7 8 4 3 9 5 10 
6 10 7 2 5 3 4 1 9 8 
4 3 9 2 6 5 10 1 8 7 
9 5 8 1 6 10 7 4 2 3 
10 1 3 6 8 2 4 5 7 9 
5 7 6 3 2 8 10 9 1 4 
7 6 8 9 10 3 4 2 1 5 
3 6 10 8 9 2 4 7 1 5 
4 6 10 9 1 5 2 8 3 7 
7 4 3 1 5 9 8 6 10 2 
4 9 6 10 5 8 2 7 3 1 
4 5 3 9 7 8 1 2 10 6 
10 8 4 7 6 9 5 3 2 1 
8 4 2 5 9 7 3 10 1 6 
6 2 4 10 3 7 1 8 5 9 
3 1 5 8 6 10 4 9 2 7 
6 10 1 5 8 7 3 2 9 4 
1 5 6 7 9 3 4 2 10 8 
1 8 2 7 4 10 5 6 3 9 
2 7 1 8 9 3 10 5 4 6 
8 3 6 7 9 5 4 1 10 2 
4 7 9 10 6 2 5 1 3 8 
10 9 1 6 4 5 7 2 8 3 
10 3 8 6 4 7 5 9 2 1 
6 4 1 2 5 3 8 10 9 7 
3 4 9 7 10 1 2 5 8 6 
1 6 10 3 5 7 4 8 2 9 
7 1 2 3 9 8 6 10 4 5 
3 1 4 10 9 8 2 6 7 5 
2 7 6 4 5 1 3 8 10 9 
10 7 2 6 1 3 8 4 5 9 
9 7 6 10 4 1 3 2 8 5 
2 7 4 3 5 1 10 8 6 9 
5 2 7 8 3 10 4 1 6 9 
7 3 1 9 10 8 5 4 2 6 
6 5 8 1 10 2 7 9 3 4 
1 9 4 2 5 8 3 7 6 10 
7 9 8 2 3 5 4 1 6 10 
1 5 10 6 8 3 2 7 4 9 
3 2 4 5 8 1 7 10 6 9 
9 2 4 8 6 3 5 7 10 1 
3 6 9 5 8 4 1 7 10 2 
2 1 8 10 4 3 9 5 6 7 
2 3 9 5 8 6 10 4 1 7 
3 5 9 1 6 2 8 10 7 4 
8 2 9 10 1 5 6 4 3 7 
3 10 1 9 5 4 8 2 7 6 
5 4 2 10 6 7 1 8 9 3 
5 7 10 3 6 9 4 2 8 1 
6 8 3 7 9 4 2 1 10 5 
4 2 5 8 7 10 1 6 9 3 
9 3 2 6 8 4 10 1 5 7 
10 1 5 7 6 3 9 4 2 8 
9 4 3 8 2 5 7 10 1 6 
4 8 3 6 10 2 9 5 1 7 
3 5 1 2 4 6 8 10 7 9 
6 1 8 2 7 3 4 9 5 10 
7 5 1 6 8 2 4 10 3 9 
3 4 10 5 6 7 9 1 2 8 
7 4 5 9 2 10 8 6 3 1 
6 8 7 1 10 4 5 9 2 3 
8 2 10 1 4 7 6 5 3 9 
2 10 1 9 6 5 7 8 4 3 
9 8 5 1 6 3 7 4 10 2 
4 8 7 1 9 6 5 3 2 10 

6
00.7590453752258928
10.29710911989288025
20.5572259376249402
30.796804860992526
40.7717467775052296
50.44792842584042336
6 4 2 1 3 5 
3 2 5 6 1 4 
4 2 3 1 6 5 
4 5 2 6 1 3 
4 3 1 6 5 2 
5 4 3 2 1 6 
2 5 3 1 6 4 
5 1 3 6 4 2 
2 4 6 1 5 3 
6 1 3 2 5 4 
1 2 5 3 4 6 
2 4 3 6 1 5 
4 3 5 6 1 2 
5 3 6 1 4 2 
6 3 5 4 2 1 
3 4 5 6 2 1 
1 6 3 2 4 5 
2 5 4 3 1 6 
2 4 3 5 1 6 
1 6 5 3 2 4 
6 5 4 2 3 1 
2 4 3 6 1 5 
4 2 5 6 1 3 
2 4 6 5 3 1 
5 1 6 3 2 4 
4 5 2 1 3 6 
5 2 4 1 3 6 
6 2 1 5 4 3 

11
00.7940060950491615
10.8223808077821058
20.07006447303345009
30.22213078298181976
40.6306358114361587
50.7773419823329538
60.986464950768378
70.7415186661216538
80.2686555326851674
90.2604139720395313
100.9003311109086249
2 11 10 5 4 3 6 9 8 7 1 
2 11 9 6 5 8 3 10 7 4 1 
4 5 9 7 10 11 6 8 1 2 3 
9 1 7 8 5 4 10 6 11 2 3 
1 9 7 2 4 6 3 10 11 8 5 
3 7 2 10 9 8 1 11 4 6 5 
4 6 1 7 10 8 5 11 2 9 3 
6 10 11 4 9 1 3 8 2 5 7 
10 4 2 9 7 11 5 3 1 8 6 
7 6 5 9 8 2 3 10 11 1 4 
8 9 1 7 11 2 3 6 5 4 10 
3 11 4 7 6 10 8 2 1 9 5 

15
00.06950061471957314
10.36661920434629847
20.23239401646374525
30.9415700311996735
40.7373923472577127
50.9765036976415246
60.3434906686665341
70.039130164322947025
80.6069390408409785
90.06974152114982823
100.3538878718967937
110.056853296393675756
120.8465800324308225
130.28305286696692344
140.9906839597133951
2 7 12 15 14 4 5 6 3 13 8 11 9 10 1 
4 13 7 1 3 15 5 8 9 12 10 11 2 14 6 
10 3 6 13 15 7 12 9 5 4 14 8 2 1 11 
3 12 6 1 14 10 13 8 7 9 4 5 2 11 15 
6 15 10 2 5 7 1 11 9 4 3 14 12 8 13 
9 3 14 4 7 10 11 15 13 2 5 12 6 1 8 
14 7 15 11 6 10 9 4 12 2 3 8 13 5 1 
10 14 5 12 11 8 4 13 7 6 15 9 1 2 3 
1 11 12 10 13 6 14 5 9 15 4 2 3 8 7 
4 5 9 12 11 8 1 3 15 13 6 14 7 2 10 
9 13 3 15 10 14 4 12 11 5 7 2 1 6 8 
6 15 2 1 4 5 11 14 9 8 13 10 12 3 7 
6 11 3 14 15 1 9 12 5 7 13 8 2 4 10 
2 8 11 3 10 4 9 6 13 12 1 15 5 7 14 
12 10 4 7 15 13 5 11 3 14 2 1 6 8 9 
13 15 11 7 9 10 8 1 4 5 2 12 14 3 6 
11 10 7 3 8 5 14 12 2 13 1 6 4 15 9 
5 12 6 13 1 7 3 10 4 2 8 11 9 15 14 
7 1 11 6 5 10 14 12 9 13 2 8 4 3 15 
11 3 13 8 14 15 12 9 2 5 10 4 6 7 1 
7 1 6 10 3 12 4 14 2 13 11 8 15 9 5 
13 12 8 10 14 6 9 15 3 4 1 2 5 11 7 
3 4 2 10 7 8 14 11 12 15 13 6 5 9 1 
12 7 1 10 9 15 11 3 14 13 2 8 4 6 5 
6 2 11 12 9 8 13 5 15 3 10 4 1 7 14 
2 10 3 14 4 13 12 9 8 5 15 6 1 7 11 
11 10 1 5 12 13 3 7 4 15 8 14 2 6 9 
11 15 4 12 5 13 2 8 14 10 1 3 6 7 9 
8 6 14 10 2 7 11 13 9 4 15 3 1 12 5 
3 7 14 11 9 13 8 1 2 10 15 12 5 6 4 
7 9 15 11 13 1 10 14 2 4 8 12 6 3 5 
6 11 3 8 13 1 5 10 15 4 9 2 12 7 14 
12 5 10 9 11 8 2 4 13 15 14 3 6 7 1 
15 10 13 1 6 3 7 14 8 9 11 5 2 4 12 
3 12 4 8 7 2 5 6 15 14 10 13 11 9 1 
5 15 13 3 2 6 9 7 4 8 14 10 11 1 12 
12 5 8 14 4 6 1 11 10 13 2 15 7 9 3 
14 2 3 9 8 4 1 10 11 7 6 12 15 5 13 
2 4 8 11 13 12 3 15 9 7 10 6 5 14 1 
11 10 9 6 1 12 7 8 13 4 2 15 5 14 3 
8 1 9 3 2 5 10 11 15 6 7 13 4 12 14 
6 15 9 11 12 5 4 2 1 7 10 13 8 14 3 
7 9 15 11 4 5 1 14 6 10 8 2 13 3 12 
9 5 1 12 10 13 15 14 7 8 4 6 2 3 11 
4 15 10 9 3 5 1 8 14 13 12 7 11 6 2 
7 1 5 10 11 2 8 4 9 13 14 15 12 6 3 
8 14 9 2 5 15 12 4 3 13 6 11 7 10 1 
15 5 8 6 12 4 11 7 3 10 13 14 1 9 2 
7 1 14 5 15 3 8 2 9 4 11 10 12 6 13 
13 10 9 7 8 5 6 12 4 14 3 2 11 1 15 
7 8 10 6 4 15 2 11 1 9 14 3 12 13 5 
12 11 3 14 2 7 4 15 13 10 6 5 9 1 8 
2 5 1 9 15 10 13 6 7 3 8 4 11 12 14 
3 4 12 9 10 11 5 7 8 1 2 6 13 14 15 
3 11 2 10 12 14 6 8 5 7 9 4 1 15 13 
7 8 4 9 6 5 13 14 10 2 12 11 15 3 1 
6 15 5 4 9 3 8 1 12 2 10 11 7 14 13 
1 2 3 13 5 7 11 14 9 4 6 12 10 15 8 
1 8 9 5 11 3 4 2 12 14 13 10 15 7 6 
4 6 10 7 14 5 12 11 1 9 13 2 8 3 15 
4 3 6 5 13 10 15 9 2 12 8 11 7 1 14 
5 7 9 1 2 12 15 13 8 3 11 14 6 4 10 
6 12 7 13 10 2 5 8 15 4 14 11 3 9 1 
5 14 12 7 15 2 11 10 13 9 1 8 6 4 3 
6 9 1 15 5 4 13 7 8 14 12 2 3 11 10 
7 1 15 10 6 2 5 8 4 13 3 12 9 11 14 
1 3 5 15 11 8 6 10 12 13 7 4 2 14 9 
2 12 10 11 7 1 8 9 4 3 14 6 5 13 15 
8 9 14 4 2 6 3 15 10 5 1 12 11 7 13 
11 9 8 6 3 13 7 12 1 14 4 2 10 5 15 
12 4 3 2 10 14 15 1 11 8 5 9 13 6 7 
8 6 10 1 12 14 11 3 5 9 4 15 13 2 7 
7 5 15 2 1 13 8 9 11 3 12 6 10 4 14 
3 13 10 11 12 6 4 1 5 14 8 7 9 2 15 
15 12 7 4 11 1 3 8 13 14 6 9 2 5 10 
9 8 10 3 6 14 1 12 11 13 4 15 5 2 7 
10 9 7 13 14 8 11 1 3 5 2 15 4 6 12 
1 4 8 15 14 10 6 9 3 13 2 7 11 12 5 
12 3 14 5 15 9 13 11 4 1 10 7 2 8 6 
15 5 1 7 12 9 10 4 14 2 11 13 6 8 3 
12 2 15 7 13 8 3 1 10 5 11 9 4 14 6 
1 5 6 8 12 15 13 7 11 2 4 3 9 10 14 
15 7 10 12 5 3 9 13 1 2 11 4 8 6 14 
9 3 6 8 11 2 10 13 7 5 1 15 14 4 12 
5 3 7 8 11 12 1 4 2 10 15 13 9 6 14 
5 1 10 6 3 15 14 4 7 11 2 9 12 13 8 
15 1 7 10 5 13 4 9 12 2 6 14 3 8 11 
7 9 6 2 13 4 8 10 5 11 12 14 15 3 1 
5 13 4 12 8 6 15 3 11 7 2 1 14 10 9 
15 10 8 5 1 9 4 14 12 2 11 7 13 6 3 
8 12 3 9 14 13 1 4 6 5 15 10 7 11 2 
3 14 12 5 15 7 2 9 1 11 6 10 8 4 13 
8 5 13 10 12 11 2 6 1 9 3 15 4 14 7 
12 13 11 9 4 10 6 15 8 2 3 5 14 1 7 
8 6 10 3 2 1 15 7 14 11 13 5 9 4 12 
9 8 4 1 7 15 10 13 2 14 11 6 3 5 12 
1 11 5 14 4 8 15 7 3 10 12 6 9 13 2 
9 6 11 10 14 5 8 1 15 3 12 4 13 2 7 
11 1 3 15 8 10 2 13 9 6 4 12 14 7 5 
12 15 10 9 2 5 4 11 6 3 7 8 14 13 1 

3
00.739746401468502
10.4363000423002913
20.27911846002442653
1 3 2 
3 2 1 
2 1 3 
1 2 3 
1 3 2 
1 3 2 
3 1 2 
2 3 1 
1 3 2 
3 1 2 
2 1 3 
3 1 2 
2 1 3 
1 3 2 
3 1 2 
2 3 1 
1 2 3 
3 1 2 
3 1 2 
3 1 2 
2 1 3 
2 1 3 
3 1 2 
2 1 3 
3 1 2 
3 2 1 
3 2 1 
3 2 1 
1 3 2 
2 1 3 
2 3 1 
2 3 1 
1 2 3 
1 3 2 
3 1 2 
3 1 2 
1 3 2 
1 2 3 
1 2 3 
3 1 2 
2 3 1 
3 2 1 
3 1 2 
3 2 1 
3 2 1 
2 1 3 
3 1 2 
1 2 3 
3 2 1 
1 2 3 
3 1 2 
2 1 3 
2 3 1 
1 2 3 
1 3 2 

17
00.7377091678219023
10.5630878211612388
20.16330729860364113
30.14295443530931773
40.08855518115306638
50.5912010134896345
60.4378266189897482
70.4650591578726835
80.24095193660343184
90.4386475663117285
100.9541148599405735
110.6578300447744698
120.6053034756646785
130.5607430313290547
140.19514455715751844
150.7403062048764291
160.3539991574725594
16 5 4 3 14 13 8 10 2 11 9 7 1 6 17 12 15 

2
00.396633227761214
10.727739965947943
1 2 
2 1 
1 2 
1 2 
1 2 
1 2 
1 2 
1 2 
2 1 
2 1 
2 1 
2 1 
2 1 
1 2 
1 2 
1 2 
1 2 
2 1 
2 1 
1 2 
2 1 
2 1 
2 1 
2 1 
2 1 
1 2 
2 1 
2 1 
1 2 
1 2 
1 2 
1 2 
2 1 
2 1 
2 1 
2 1 
1 2 
1 2 
1 2 
2 1 
2 1 
2 1 
1 2 
2 1 
1 2 
1 2 
1 2 
2 1 
2 1 
1 2 
1 2 
1 2 
1 2 
1 2 
1 2 
2 1 
2 1 
2 1 
1 2 
1 2 
2 1 
2 1 
1 2 
2 1 
2 1 
2 1 
2 1 
2 1 
1 2 
1 2 
1 2 
2 1 
1 2 
2 1 
1 2 

20
00.9866127830739307
10.22894028489435903
20.10757039664492463
30.5726919525425594
40.12552046067265765
50.2596379276725653
60.4904731529997439
70.6596270683772356
80.946638688814911
90.6165166835812894
100.0885117778452933
110.31993408318230154
120.2205228413760787
130.37875663223572886
140.12625660486115442
150.706781777317277
160.12642365463806815
170.6940105913660828
180.487377548993726
190.0029146296221144175
17 2 10 13 7 20 5 15 3 1 18 14 8 12 9 11 16 6 4 19 
2 11 6 1 12 16 20 18 4 9 15 14 7 8 13 19 17 10 3 5 
15 17 18 8 12 7 4 3 16 14 11 2 19 9 6 5 20 10 1 13 
17 18 10 16 19 6 13 11 8 9 4 3 7 15 5 1 14 2 12 20 
7 1 15 6 17 3 11 10 4 14 12 2 19 5 16 13 18 20 8 9 
10 4 17 9 2 3 16 14 11 13 15 7 20 8 12 19 18 6 5 1 
3 6 14 2 15 12 11 4 13 5 8 18 16 20 7 17 19 1 9 10 
9 6 12 13 20 11 4 18 15 3 8 2 5 14 1 17 10 19 16 7 
18 13 15 7 3 1 12 2 20 14 10 6 17 11 16 4 19 9 8 5 
1 12 5 2 18 9 17 3 7 14 20 15 13 4 11 16 8 10 6 19 
7 11 9 20 6 8 1 12 16 3 10 18 15 19 4 17 5 13 14 2 
6 19 17 9 8 20 2 11 10 15 13 4 5 16 7 1 3 14 12 18 
1 13 17 14 11 8 20 5 19 9 6 2 12 16 3 18 4 15 10 7 
20 2 4 18 14 8 11 6 19 1 3 7 12 13 16 9 15 10 17 5 
19 8 10 20 15 5 2 7 16 3 1 14 6 13 11 9 4 18 17 12 
16 10 6 13 2 11 20 18 9 8 3 7 12 19 5 17 14 1 15 4 
5 7 11 9 14 4 6 15 20 13 18 2 1 3 16 17 19 10 8 12 
3 13 8 20 15 11 2 9 16 4 17 14 12 1 6 18 10 7 19 5 
13 17 10 12 6 7 14 4 18 15 2 1 8 9 5 19 16 20 11 3 
10 18 6 9 4 2 12 17 16 5 8 15 11 14 7 1 3 19 20 13 
9 2 7 6 20 11 17 5 14 13 15 19 18 12 16 10 8 4 1 3 
9 14 17 16 1 2 18 15 5 20 11 12 10 19 4 13 7 8 6 3 
14 6 15 18 10 4 20 7 5 8 1 13 3 2 16 19 17 12 11 9 
7 6 19 16 3 18 9 12 1 2 8 15 11 4 13 14 20 5 10 17 
14 18 16 10 3 15 5 2 8 12 11 20 13 7 6 4 17 1 9 19 
18 7 5 8 4 11 1 13 17 2 12 20 10 6 16 3 14 9 19 15 
13 12 19 4 14 5 10 1 15 8 17 2 20 7 18 16 6 3 9 11 
16 1 19 20 10 13 8 9 3 17 14 15 12 2 7 18 6 5 11 4 
20 19 8 9 6 16 7 17 5 14 3 1 10 12 13 11 18 15 4 2 
14 5 6 13 15 1 7 11 3 8 2 16 12 4 9 19 20 17 10 18 
16 14 15 13 11 6 19 17 1 10 5 20 4 8 12 18 9 7 2 3 
2 1 6 16 3 17 11 4 9 10 19 5 14 20 18 15 13 12 8 7 
16 6 2 7 11 5 15 1 13 19 17 10 4 12 9 18 20 8 14 3 
2 1 4 12 19 8 16 15 14 10 17 13 18 5 3 20 11 9 7 6 
6 15 5 3 20 11 19 9 17 1 12 13 10 2 14 4 18 7 8 16 
1 19 12 20 16 17 3 2 10 14 4 9 8 7 5 13 15 6 11 18 
19 12 5 10 17 13 11 9 16 15 6 20 7 1 3 2 14 18 4 8 
14 7 20 3 18 2 12 6 4 8 11 13 17 1 9 5 19 15 10 16 
12 18 19 13 8 15 7 16 2 1 6 14 5 17 10 4 9 11 3 20 
3 1 6 4 10 20 14 19 12 7 2 13 18 15 11 8 17 5 16 9 
19 16 6 14 11 17 18 8 7 13 20 3 1 9 10 12 5 15 4 2 
10 12 6 20 3 5 4 17 8 9 7 2 13 16 11 14 1 15 19 18 
1 18 9 8 12 10 6 14 19 2 17 5 16 20 15 7 13 3 11 4 
16 10 15 18 6 11 19 2 1 13 14 7 3 20 9 5 4 12 8 17 
14 13 3 10 19 16 11 5 6 2 15 18 8 4 7 17 1 9 20 12 
17 4 10 19 15 20 13 1 16 5 11 14 2 6 12 9 18 8 7 3 
14 19 2 15 3 1 4 11 13 8 6 10 5 7 20 16 12 17 18 9 
5 3 17 14 11 9 8 6 10 4 12 16 7 1 13 2 20 18 19 15 
14 20 1 18 13 19 2 11 15 16 8 3 4 10 9 7 5 12 17 6 
20 16 17 18 2 3 9 5 10 8 7 19 4 1 11 14 15 6 13 12 
14 6 17 8 10 16 2 9 15 11 3 7 5 12 13 19 1 18 20 4 
7 12 14 10 4 20 5 19 13 11 15 2 18 16 9 3 6 17 1 8 
1 13 2 8 17 10 5 12 3 16 14 11 19 15 18 20 4 6 7 9 
3 12 7 11 19 17 10 13 8 18 9 5 6 14 15 4 2 1 20 16 
7 16 17 19 18 15 4 2 11 10 1 5 20 3 13 6 9 14 12 8 
20 13 2 18 11 1 16 4 7 14 3 6 17 9 15 19 12 8 5 10 
15 2 12 19 9 16 3 4 8 13 10 17 18 5 7 1 6 11 14 20 

10
00.9857259400893229
10.3654163645975288
20.02025473141400813
30.26849950813701706
40.26262896316464945
50.7896419934923093
60.6916971772665612
70.04660183197452861
80.04726504280768529
90.18140174143484034
10 5 3 7 1 4 8 2 6 9 
3 8 6 1 2 4 5 10 9 7 
8 10 1 9 5 3 7 6 2 4 
7 10 1 9 6 2 3 5 4 8 
5 1 2 7 3 4 8 10 6 9 
9 8 1 6 3 5 4 7 10 2 
4 2 10 3 5 6 1 8 9 7 
8 2 9 10 7 3 4 1 5 6 
8 10 5 1 7 9 6 2 3 4 
10 8 7 3 6 9 2 4 1 5 
9 2 6 3 5 1 10 7 8 4 
5 6 8 3 4 10 1 7 9 2 
3 8 4 10 1 2 7 6 5 9 
1 4 3 10 5 7 9 6 2 8 
1 5 7 8 3 10 4 6 2 9 
5 8 1 3 4 7 6 9 10 2 
10 3 1 5 6 8 9 2 4 7 
2 3 5 6 1 8 10 9 7 4 
4 2 3 6 7 8 10 9 5 1 
10 8 1 4 2 6 3 9 5 7 
10 3 1 5 9 8 4 2 6 7 
10 4 7 2 9 1 3 6 5 8 
8 2 6 7 4 9 5 1 3 10 
7 1 9 10 2 5 6 8 3 4 
5 7 4 1 3 10 6 9 8 2 
9 2 8 1 4 7 5 6 10 3 
10 4 3 6 9 1 8 7 5 2 
6 9 7 3 5 10 1 8 2 4 
10 2 9 4 3 6 7 5 1 8 
8 3 10 9 2 5 1 6 4 7 
7 4 10 1 8 5 9 2 6 3 
10 5 4 3 7 6 1 8 9 2 
8 2 4 7 10 5 6 3 1 9 
7 5 10 3 2 1 8 4 9 6 
10 5 7 9 3 4 1 2 8 6 
8 4 7 1 6 2 5 3 9 10 
8 10 5 1 2 6 7 4 9 3 
3 7 4 9 2 5 6 10 1 8 
8 10 6 1 4 5 7 9 3 2 
5 4 10 6 3 2 9 1 7 8 
2 5 10 4 8 1 9 7 3 6 
5 6 3 4 9 8 10 2 1 7 
6 2 7 9 5 3 4 8 10 1 
8 4 10 1 7 6 2 9 3 5 
5 9 8 7 6 4 10 1 2 3 
5 7 2 4 6 9 8 3 1 10 
4 6 7 8 3 5 1 9 10 2 
3 4 1 2 7 10 6 5 8 9 
10 1 6 5 2 8 9 4 3 7 
6 2 8 1 10 9 4 5 3 7 
6 1 8 9 3 5 7 2 10 4 
10 8 1 2 7 3 9 6 4 5 
5 7 2 3 1 10 9 4 8 6 
5 10 4 7 2 1 3 8 6 9 
4 10 6 9 1 8 3 5 2 7 
4 6 1 5 7 3 8 10 2 9 
5 3 10 9 6 7 8 4 1 2 
6 2 10 5 9 3 7 8 1 4 
2 6 9 7 8 4 3 1 5 10 
1 9 4 10 7 8 6 3 2 5 
8 5 6 4 9 3 7 1 2 10 
3 7 10 9 5 8 6 2 4 1 
2 4 3 9 7 10 8 6 1 5 

16
00.9959094721063336
10.08932516953203029
20.6632729988806666
30.8624653187731933
40.2603666075928095
50.5583997100430615
60.8019063294984261
70.7536321202669459
80.5763741509532365
90.4654069839052082
100.06789098803746807
110.4680151445409295
120.7315380898280498
130.5622053883267234
140.46957136612016137
150.32645534330936443
3 2 8 12 14 1 5 11 15 9 6 13 10 4 16 7 
12 2 14 8 10 16 1 13 4 6 15 11 3 5 7 9 
9 10 14 7 3 11 13 1 2 12 5 16 6 8 4 15 
1 13 12 9 2 10 7 15 4 16 14 8 5 11 6 3 
12 9 3 11 10 5 1 14 8 13 2 7 15 4 6 16 
13 12 2 9 16 4 14 3 15 5 11 6 7 1 8 10 
6 12 7 13 1 8 5 16 14 15 4 2 11 9 10 3 
13 9 8 14 12 5 16 10 11 7 4 6 15 3 2 1 
8 13 1 16 4 14 11 7 6 5 12 10 2 9 15 3 
6 3 5 13 9 11 8 7 16 2 14 12 10 1 15 4 
7 4 3 14 10 11 5 9 2 12 1 13 16 6 15 8 
16 14 5 11 12 2 8 7 10 1 6 13 3 9 15 4 
3 12 1 7 4 10 9 2 6 13 5 8 16 15 14 11 
2 5 11 16 6 7 12 3 10 9 13 14 15 4 1 8 
1 14 11 6 9 13 4 12 3 2 8 5 10 7 16 15 
8 16 6 15 7 4 10 5 3 2 9 1 12 11 13 14 
15 1 5 10 2 8 7 13 14 16 11 3 12 4 9 6 
10 5 9 2 7 4 3 16 15 12 1 13 14 11 6 8 
9 8 5 1 6 14 11 10 13 15 7 16 3 4 12 2 
11 16 12 2 6 4 8 13 1 7 15 9 5 10 3 14 
11 13 7 4 1 8 14 16 5 12 15 2 10 3 6 9 
7 4 6 16 10 5 13 1 9 12 8 14 3 2 15 11 
2 1 13 15 4 9 6 12 14 16 3 5 8 11 7 10 
14 16 15 2 13 10 12 9 5 6 1 8 7 3 11 4 
15 11 1 13 7 3 4 5 2 16 9 14 6 10 8 12 
13 9 15 11 12 2 1 4 16 14 7 6 10 8 5 3 
11 13 1 14 12 6 8 4 16 7 10 9 2 3 15 5 
12 4 9 2 16 8 3 6 5 7 13 10 14 1 15 11 
8 10 5 4 3 16 7 15 12 14 13 11 2 9 1 6 
14 9 7 1 8 3 5 2 16 13 6 10 12 4 15 11 
16 7 15 3 8 4 6 14 9 12 2 10 5 11 13 1 
10 13 3 12 15 2 14 5 4 11 6 16 7 1 9 8 
3 10 4 14 12 2 11 6 13 9 15 1 16 7 5 8 
2 1 11 8 6 12 5 7 16 10 13 14 4 3 9 15 
8 5 9 6 1 13 2 7 11 4 12 16 15 3 14 10 
3 1 15 9 13 4 14 10 16 5 8 7 11 12 6 2 
4 9 16 13 2 7 15 10 1 3 6 14 12 5 8 11 
13 10 8 15 2 16 4 6 1 9 11 14 3 7 5 12 
2 1 14 10 13 4 15 8 7 12 6 5 9 11 16 3 
7 1 10 13 15 6 3 9 16 4 8 2 14 11 5 12 
14 2 1 12 13 7 15 10 8 11 3 16 9 5 4 6 
16 14 9 6 8 2 4 13 1 12 3 7 10 15 11 5 
14 9 5 10 8 7 2 4 13 1 12 11 16 3 6 15 
4 2 11 10 16 6 1 13 9 8 5 12 15 3 7 14 
5 12 2 9 11 4 13 1 3 15 7 16 6 8 10 14 
5 1 8 9 12 11 13 4 6 16 14 2 7 15 10 3 
3 8 2 9 13 16 1 5 10 4 14 6 11 12 15 7 
12 1 2 7 13 4 10 14 16 5 8 6 15 11 3 9 
8 2 1 7 10 4 6 15 9 13 3 11 16 12 14 5 
9 4 13 11 7 6 8 14 5 16 2 15 12 10 1 3 
4 6 2 11 7 13 14 1 3 16 5 10 12 8 15 9 
8 1 16 15 12 3 6 7 14 10 9 2 13 4 11 5 
7 13 9 16 10 11 8 2 6 14 3 1 15 5 4 12 
16 2 1 13 4 8 11 5 3 7 9 6 14 15 12 10 
5 7 2 15 10 3 11 4 1 8 9 13 12 14 16 6 
12 6 9 10 1 5 11 2 4 8 16 7 14 15 13 3 
13 14 10 2 3 6 4 11 16 12 15 8 5 9 7 1 
2 6 12 8 1 3 5 16 14 4 15 7 10 13 9 11 
10 8 3 4 6 16 5 9 14 13 7 1 15 2 11 12 
14 13 15 2 16 11 5 4 9 7 8 3 10 12 6 1 
9 12 4 2 6 3 11 8 5 1 14 13 16 10 7 15 
11 10 15 12 2 5 3 16 7 9 8 4 13 6 14 1 
3 11 5 2 1 12 6 9 10 7 14 15 4 13 8 16 
3 7 9 11 1 10 8 12 16 13 4 2 14 6 5 15 
9 3 10 6 14 2 7 13 1 4 8 12 11 5 16 15 
12 10 6 5 7 9 8 3 1 16 4 2 14 11 13 15 
7 3 4 10 16 5 6 14 12 8 13 15 2 9 1 11 
4 5 11 12 14 15 16 13 9 6 7 2 10 1 3 8 
15 11 5 8 3 4 7 2 12 9 1 10 6 14 13 16 
8 16 13 6 12 4 14 11 7 15 10 3 2 5 1 9 
1 16 7 12 4 3 15 9 14 10 11 13 8 5 6 2 
1 7 6 8 4 2 9 14 11 5 15 10 16 3 13 12 
10 5 8 15 14 11 1 7 3 9 4 13 6 16 12 2 

15
00.7423839635023984
10.8512795032847726
20.34614436971793927
30.42375445087248476
40.332797106194358
50.16609240336147357
60.766716183035777
70.5856510490770049
80.36554142747840146
90.3263461316694348
100.002987331218487377
110.06306514785657014
120.4334921490827134
130.9162422672197075
140.21542183001397452
1 10 12 15 4 2 5 3 11 8 7 6 13 9 14 
14 15 5 13 12 11 2 10 4 9 3 7 8 6 1 
1 2 8 9 10 5 12 6 3 15 4 7 11 14 13 
13 14 9 5 7 8 10 1 4 12 2 15 3 11 6 
9 4 10 12 11 7 14 2 5 15 13 1 6 8 3 
1 8 11 7 6 9 14 10 4 13 5 15 2 3 12 
3 11 15 8 7 12 4 10 1 14 9 2 13 6 5 
13 8 12 10 3 2 15 11 6 9 7 1 14 5 4 
13 7 14 9 10 12 6 1 2 8 15 5 11 4 3 
14 11 13 8 5 2 3 12 9 10 6 7 1 15 4 
2 14 12 10 3 4 15 13 7 1 9 5 8 11 6 
15 2 10 12 13 9 7 5 14 4 8 6 1 11 3 
14 9 4 15 5 8 11 1 2 13 3 10 12 7 6 
3 15 8 7 5 4 13 6 12 2 14 11 1 9 10 
7 14 12 8 1 4 11 9 15 10 6 5 13 3 2 
5 4 15 2 12 1 7 3 9 11 10 6 8 13 14 
13 9 4 11 3 7 2 10 1 8 6 14 15 12 5 
13 8 14 2 3 12 11 4 5 15 1 6 9 7 10 
2 14 8 9 12 4 5 10 6 15 13 1 7 3 11 
5 10 3 6 1 7 8 12 9 15 2 13 11 14 4 
14 4 10 15 8 2 5 9 13 7 12 1 11 3 6 
13 5 6 15 14 11 12 2 7 3 10 8 1 9 4 
6 2 9 12 5 10 7 11 13 14 1 15 8 4 3 
2 13 3 11 6 12 9 8 14 1 7 10 4 5 15 
7 9 14 3 11 5 13 2 12 15 6 1 8 10 4 
6 13 11 12 4 14 1 5 10 8 15 7 2 3 9 
6 13 3 1 15 7 4 9 14 2 11 12 8 5 10 
8 10 5 4 3 7 9 15 12 2 11 6 14 1 13 
13 12 5 6 11 7 3 4 2 15 14 10 1 9 8 
2 9 5 3 8 10 7 15 11 12 1 14 6 4 13 
12 6 10 7 13 4 9 14 1 8 5 2 11 3 15 
2 14 12 6 15 3 9 7 10 5 8 13 11 1 4 
4 9 3 8 1 14 11 13 15 6 10 5 12 2 7 
12 11 7 15 4 5 14 1 10 2 13 3 6 9 8 
12 10 2 15 11 7 1 13 5 3 14 6 8 4 9 
15 11 10 5 12 14 6 7 1 4 13 2 8 3 9 
9 7 12 1 5 14 4 13 10 8 11 15 6 3 2 
7 12 15 8 2 3 9 10 13 11 5 6 1 4 14 
10 5 14 15 11 13 8 4 7 2 1 3 12 6 9 
7 5 10 6 14 8 13 12 3 11 2 4 9 1 15 
4 5 13 14 6 3 12 7 15 10 1 8 9 2 11 
13 8 15 6 9 3 11 2 5 4 12 7 14 1 10 
11 5 9 13 1 8 6 7 14 12 3 2 4 15 10 
8 14 10 7 1 2 15 13 6 9 3 12 11 5 4 
8 2 9 11 1 13 4 7 6 10 3 14 5 15 12 
9 8 11 12 5 1 7 6 3 4 13 2 10 14 15 
15 14 3 2 5 1 10 13 6 11 12 7 4 9 8 
10 7 4 14 2 6 11 8 13 9 12 15 1 5 3 
3 15 9 1 6 14 7 5 4 10 13 11 8 12 2 
13 8 5 1 6 4 11 15 9 10 12 2 3 7 14 
1 5 11 2 3 13 4 7 8 15 6 9 12 10 14 
13 6 10 1 8 15 3 14 4 5 2 9 12 11 7 
1 7 8 4 11 9 6 3 12 5 14 10 13 15 2 
10 2 9 12 6 5 15 14 1 11 7 4 13 8 3 
12 13 4 9 2 6 15 14 5 1 3 10 11 7 8 
5 7 2 10 4 13 3 11 6 12 9 1 15 14 8 
10 4 2 15 7 14 1 6 8 9 13 11 3 12 5 
2 3 7 15 9 5 13 10 11 6 8 1 14 4 12 
5 13 7 4 11 8 6 15 9 3 10 14 2 1 12 
15 7 14 2 3 5 11 9 1 8 12 13 4 10 6 
9 10 3 15 1 12 13 2 8 7 4 5 6 11 14 
1 2 15 10 12 6 9 8 11 5 7 4 13 14 3 
12 6 3 9 8 5 2 14 7 4 10 11 15 13 1 
5 10 3 11 6 15 2 7 1 13 14 9 4 12 8 
13 7 4 6 5 3 15 2 10 12 11 9 8 1 14 
15 8 11 10 13 1 14 5 12 3 2 4 6 9 7 
11 6 10 9 7 4 5 1 15 2 8 14 12 3 13 
2 6 5 8 4 13 7 15 1 11 9 10 3 12 14 
13 4 14 6 10 1 9 15 8 11 5 3 2 7 12 
11 3 15 6 10 8 12 9 4 5 7 14 1 2 13 
12 15 11 2 14 1 10 5 8 13 3 9 4 7 6 
9 7 5 13 8 1 10 15 12 4 2 11 6 3 14 
15 10 4 13 12 1 9 7 2 11 5 8 14 3 6 
13 12 15 2 14 3 9 10 7 8 1 11 5 6 4 
13 14 3 8 1 4 2 12 15 9 11 7 5 6 10 
13 15 7 2 5 12 11 1 14 9 10 6 3 4 8 
13 2 12 1 10 11 14 8 3 15 6 5 4 7 9 
12 7 13 1 4 10 6 5 3 8 15 11 9 2 14 
10 14 7 9 11 6 1 2 5 15 8 12 3 4 13 
6 14 7 1 15 10 5 13 8 11 9 4 12 2 3 
10 5 11 6 12 13 1 3 9 2 15 7 8 4 14 
8 13 12 3 2 14 15 1 11 4 9 10 7 5 6 
1 12 8 4 13 7 11 5 3 6 2 14 9 10 15 
14 12 15 1 3 7 5 2 8 4 10 13 9 6 11 
8 13 7 4 10 1 2 6 11 5 12 9 3 14 15 
12 7 15 10 2 5 1 4 14 3 6 13 11 9 8 
9 6 4 3 14 10 13 11 1 15 8 5 12 2 7 
13 5 11 10 12 3 15 9 8 14 1 6 2 4 7 
2 11 10 4 14 12 6 8 15 1 5 7 13 3 9 
13 14 6 12 5 1 15 10 9 7 11 8 3 4 2 
8 6 12 2 13 11 3 7 4 14 9 1 10 5 15 
12 3 9 13 14 2 6 1 5 7 8 15 4 10 11 
2 6 9 4 7 12 14 10 3 11 1 13 5 15 8 
15 12 9 10 3 8 4 1 11 2 14 7 13 5 6 
10 5 3 4 13 9 11 2 1 6 12 7 14 15 8 
6 13 12 2 14 11 1 9 15 8 10 4 7 5 3 
11 15 8 7 1 6 12 3 14 5 13 9 4 2 10 
4 11 15 7 6 14 12 13 10 8 2 9 1 3 5 
3 13 9 5 2 6 4 10 15 14 11 12 1 8 7 

